15.320938
18.84288
17.51985
15.44911
14.362525
15.489793
14.731658
16.736526
16.808891
18.989218
13.775393
16.461128
13.686049
17.045341
12.085323
19.181145
12.38772
15.344559
19.375772
16.398932
17.155186
18.81892
18.264359
15.195524
15.31023
13.8959465
14.990316
19.282038
17.294952
17.836887
15.64759
15.776246
14.815603
13.703328
17.365099
13.876915
16.436459
15.537042
15.840752
13.811464
16.554865
11.991442
15.952019
17.000727
13.930981
16.708546
16.400753
17.688335
18.16379
17.450684
21.06107
19.403
18.507095
14.121607
15.357536
18.877735
11.646063
15.384367
12.270374
15.527449
12.026292
16.196562
20.631516
21.210495
14.106246
17.27391
19.85287
16.130035
13.310913
19.221848
15.6827
15.825692
18.710255
17.879349
15.773626
16.052845
15.741055
15.5945835
18.072544
13.753286
13.624338
18.987255
18.680717
18.52475
15.341697
17.727829
19.321184
18.01253
16.462269
16.216389
17.061539
13.6390085
13.911852
17.462986
15.974584
15.857168
17.785023
16.061733
15.921587
18.320618
